854.029 1128.88 69.4555
923.555 1128.96 138.911
993.413 1138.74 208.367
1058.72 1165.1 277.822
1123.85 1182.64 347.278
1192.64 1187.14 416.733
1261.58 1187.96 486.189
1330.38 1183.4 555.644
1399.38 1176.65 625.1
1468.3 1167.81 694.555
1537.67 1160.61 764.011
1606.83 1155.18 833.466
1676.11 1148.75 902.922
1745.4 1143.46 972.378
1814.98 1140.09 1041.83
1885.34 1148.04 1111.29
1952.83 1167.27 1180.74
2012.41 1207.39 1250.2
2051.06 1266.57 1319.66
2077.38 1331.4 1389.11
2098.27 1398.08 1458.57
2112.98 1466.77 1528.02
2123.57 1535.16 1597.48
2136.36 1603.37 1666.93
2150.78 1670.96 1736.39
2166.02 1739.11 1805.84
2176.66 1807.88 1875.3
2185.24 1877.12 1944.76
2195.12 1945.3 2014.21
2208.59 2013.37 2083.67
2223.11 2080.58 2153.12
2242.92 2147.47 2222.58
2258 2215.49 2292.03
2270.58 2283.77 2361.49
2289.71 2349.72 2430.94
2310.97 2416.4 2500.4
2324.96 2484.7 2569.85
2336.2 2553.72 2639.31
2337.93 2623.59 2708.77
2338.98 2693.05 2778.22
2339.31 2762.5 2847.68
2327.27 2832.55 2917.13
2297.16 2896.3 2986.59
2253.74 2951.98 3056.04
2195.2 2991.88 3125.5
2124.79 3004.27 3194.95
2055.01 3005.4 3264.41
1985.02 3003.2 3333.87
1915.65 2998.67 3403.32
1846.38 2988.78 3472.78
1778.15 2980.05 3542.23
1708.67 2972.3 3611.69
1640.37 2961.6 3681.14
1571.27 2953.35 3750.6
1502.75 2947.82 3820.05
1433.42 2946.64 3889.51
1364.31 2948.14 3958.97
1295.65 2953.48 4028.42
1226.14 2959.69 4097.88
1155.96 2959.37 4167.33
1086.43 2952.86 4236.79
1018.02 2937.65 4306.24
951.55 2918.71 4375.7
883.361 2909.25 4445.15
814.314 2905.53 4514.61
745.38 2907.98 4584.07
675.546 2907.74 4653.52
605.518 2902.66 4722.98
537.074 2888.92 4792.43
470.115 2868.85 4861.89
405.245 2840.61 4931.34
350.055 2797.19 5000.8
304.639 2743.57 5070.25
270.562 2681.41 5139.71
243.069 2617.05 5209.17
220.34 2551.45 5278.62
198.481 2485.39 5348.08
180.247 2417.85 5417.53
167.24 2349.19 5486.99
160.635 2279.46 5556.44
157.287 2210.13 5625.9
155.752 2140.24 5695.35
159.37 2070.2 5764.81
171.6 2001.61 5834.27
190.893 1933.55 5903.72
220.212 1870.47 5973.18
249.892 1807.73 6042.63
276.711 1744.14 6112.09
301.916 1679.3 6181.54
330.627 1615.66 6251
363.168 1554 6320.45
397.551 1493.4 6389.91
432.569 1433.5 6459.37
466.029 1372.57 6528.82
502.445 1313.11 6598.28
542.828 1256.14 6667.73
591.954 1205.33 6737.19
648.961 1164.27 6806.64
714.688 1136.83 6876.1
784.438 1129.57 6945.55
